filetimestamp:201408131855
name:1,x:-473,z:-89,y:63,enabled:true,red:0.0,green:1.0,blue:0.0,suffix:,world:,dimensions:0#
name:Stadt,x:-702,z:54,y:65,enabled:true,red:0.069585025,green:0.7005741,blue:0.9185383,suffix:,world:,dimensions:0#
